//Leadwerks Material File

blendmode=2
castshadows=0
zsort=1
cullbackfaces=1
depthtest=1
depthmask=0
diffuse=1.00000000,1.00000000,1.00000000,1.00000000
specular=0.000000000,0.000000000,0.000000000,0.000000000
alwaysuseshader=1
mappingscale=1.00000000,1.00000000,1.00000000
drawmode=-1

shader="Shaders/Model/Flat/diffuse.shader"
texture0="./shadow.tex"
