//Leadwerks Material File

blendmode=0
castshadows=1
zsort=0
cullbackfaces=1
depthtest=1
depthmask=1
diffuse=1.00000000,1.00000000,1.00000000,1.00000000
specular=1.00000000,1.00000000,1.00000000,1.00000000
alwaysuseshader=0
mappingscale=1.00000000,1.00000000,1.00000000
drawmode=-1

shader="Shaders/Model/diffuse+normal+specular.shader"
texture0="./stonefloor01.tex"
texture1="./stonefloor01_dot3.tex"
texture2="./stonefloor01_spec.tex"
