//Leadwerks Material File

blendmode=0
castshadows=1
zsort=0
cullbackfaces=1
depthtest=1
depthmask=1
diffuse=1.00000000,1.00000000,1.00000000,1.00000000
specular=0.250980407,0.250980407,0.250980407,0.000000000
alwaysuseshader=0
mappingscale=1.00000000,1.00000000,1.00000000
drawmode=-1

shader="Shaders/Model/diffuse+normal.shader"
texture0="./wall_largeblocks.tex"
texture1="./wall_largeblocks_dot3.tex"
texture2="./wall_largeblocks_spec.tex"
