//Leadwerks Material File

blendmode=0
castshadows=1
zsort=0
cullbackfaces=1
depthtest=1
depthmask=1
diffuse=1.00000000,1.00000000,1.00000000,1.00000000
specular=0.125490203,0.125490203,0.125490203,0.000000000
alwaysuseshader=0
mappingscale=1.00000000,1.00000000,1.00000000
drawmode=-1

shader="Shaders/Model/Animated/diffuse+normal.shader"
shader1="Shaders/Model/Shadow/shadow+animation.shader"
texture0="./goblin.tex"
texture1="./goblin_dot3.tex"
